	NormOfError: 3.8963875733058647e-14
0 0.25 1 2.25 4 6.25 9 12.25 16 
0 0.25 1 2.25 4 6.25 9 12.25 16 
0 0.25 1 2.25 4 6.25 9 12.25 16 
0 0.25 1 2.25 4 6.25 9 12.25 16 
0 0.25 1 2.25 4 6.25 9 12.25 16 
0 0.25 1 2.25 4 6.25 9 12.25 16 
0 0.25 1 2.25 4 6.25 9 12.25 16 
0 0.25 1 2.25 4 6.25 9 12.25 16 
0 0.25 1 2.25 4 6.25 9 12.25 16 

0 0.25000000000000011 1.0000000000000004 2.2499999999999973 4.0000000000000018 6.2499999999999991 8.9999999999999893 12.249999999999988 16.000000000000007 
0 0.24999999999999944 0.99999999999999944 2.2499999999999969 3.9999999999999978 6.25 8.9999999999999929 12.250000000000004 16.000000000000007 
0 0.24999999999999889 0.99999999999999889 2.2499999999999982 4.0000000000000018 6.2500000000000009 9.0000000000000107 12.249999999999996 16.000000000000007 
0 0.24999999999999886 0.99999999999999889 2.2499999999999973 4 6.2500000000000009 9 12.250000000000002 16.000000000000007 
0 0.24999999999999811 0.99999999999999789 2.249999999999996 3.9999999999999973 6.2499999999999964 9 12.249999999999998 16.000000000000007 
0 0.2499999999999987 0.99999999999999867 2.2499999999999956 3.9999999999999996 6.2499999999999982 8.9999999999999964 12.25 16.000000000000007 
0 0.24999999999999858 0.99999999999999822 2.2499999999999969 4 6.25 9.0000000000000053 12.249999999999998 16.000000000000007 
0 0.249999999999999 0.999999999999999 2.2499999999999964 3.9999999999999956 6.2499999999999982 8.9999999999999911 12.250000000000005 16.000000000000007 
0 0.25000000000000011 1.0000000000000004 2.2499999999999973 4.0000000000000018 6.2499999999999991 8.9999999999999893 12.249999999999988 16.000000000000007 


